fx: 535.4 #501.4757919305817 #535.4 #
fy: 539.2 #501.4757919305817 #539.2 #
cx: 320.1 #421.7953735163109 #320.1 #
cy: 247.6 #167.65799492501083 #247.6 #
dataset: "../data/office/office/rgb/"
#dataset: "../data/Real_KITTI/KITTI/image_00/data/"