fx: 501.4757919305817
fy: 501.4757919305817
cx: 421.7953735163109
cy: 167.65799492501083