fx: 535.4 #501.4757919305817
fy: 539.2 #501.4757919305817
cx: 320.1 #421.7953735163109
cy: 247.6 #167.65799492501083